foldingplan OrigamiDrag
number_of_points: 6
number_of_creases: 5 
point_coordinates: 0.5 0.5 0.5	0.85 0.5 0.5	0.5 0.85 0.5	0.15 0.5 0.5	0.15 0.15 0.5	0.5 0.15 0.5
crease_indices: 0 1	0 2	0 3 	0 4	0 5
angles: 1.5707	1.5707  1.5707  -3.14159  3.14159 
