foldingplan OrigamiDrag
number_of_points: 9
number_of_creases: 5 
number_of_faces: 5
number_of_face_points: 18
number_of_nv: 1
number_of_crease_for_each_nv: 5
point_coordinates: 0.5 0.5 0.5    0.85 0.5 0.5    0.85 0.85 0.5    0.5 0.85 0.5     0.15 0.85 0.5    0.15 0.5 0.5    0.15 0.15 0.5    0.5 0.15 0.5    0.85 0.15 0.5
crease_indices: 0 1    0 3    0 5    0 6     0 7
face_indices: 4 0 1 2 3    4 0 3 4 5    3 0 5 6    3 0 6 7    4 0 7 8 1
nv_indices: 5 0 1 2 3 4
angles: 1.5707	1.5707  1.5707  -3.14159  3.14159 
